1381601997	1662848227
1381601997	1663983223
1381601997	1658341654
1381601997	1685492742
1381601997	1242202325
1381601997	1654551872
1381601997	1380252395
1381601997	1652608362
1681093223	1380252395
1406700841	1481411060
1406700841	1278426200
1658388624	1652634941
1271728434	1613640752
1682099633	1662459613
1678460085	1658341654
1656530450	1423623227
1656530450	1645002675
1689330737	1639529981
1653204715	1656532564
1670449243	1652466364
1224870710	1639127253
1224870710	1652608362
1224870710	1284246160
1394996971	1494745254
1394996971	1404584100
1394996971	1242202325
1394996971	1650167165
1649308895	1658341654
1653807672	1685492742
1650665134	1650167165
1685481605	1659756840
1459277820	1103012955
1459277820	1303964067
1459277820	1244944200
1459277820	1658341654
1659835784	1496834122
1659835784	1523788684
1292157095	1284246160
1292157095	1214772890
1420351867	1406611631
1420351867	1685492742
1676139092	1278426200
1681590693	1641547461
1183289825	1310823515
1246270054	1658341654
1677415805	1652608362
1677415805	1685492742
1677415805	1677420703
1677415805	1663983223
1677415805	1658341654
1411845764	1278426200
1411845764	1401394915
1411845764	1497487530
1650885620	1244169232
1650885620	1220291284
1266075895	1496834122
1093495710	1683469791
1093495710	1661493574
1093495710	1656370014
1667516751	1249079121
1667516751	1663983223
1667516751	1568292842
1667516751	1657284002
1667516751	1673531374
1667516751	1652608362
1667516751	1648350803
1667516751	1671076762
1667516751	1658341654
1667516751	1683469791
1667516751	1654551872
1667516751	1220291284
1667516751	1677420703
1667516751	1668371632
1667516751	1652466364
1667516751	1229238924
1675861622	1668371632
1675861622	1496834122
1653631335	1220291284
1653631335	1685492742
1653631335	1652466364
1079931711	1278426200
1498726925	1661493574
1498726925	1566537851
1639974347	1639529981
1609957010	1661493574
1657942230	1640469575
1425359342	1648058522
1664580837	1380252395
1664580837	1664639895
1664580837	1658341654
1644903527	1685492742
1644903527	1652608362
1644903527	1666680885
1644903527	1652466364
1687015335	1196975644
1375389141	1284246160
1233512437	1687333575
1233512437	1667310202
1664905232	1640469575
1664905232	1197487813
1664905232	1668519715
1087232797	1652634941
1248097471	1278426200
1653749887	1653353901
1653749887	1668702933
1676488604	1655211284
1676488604	1656532564
1199438110	1663983223
1644253901	1104106977
1030616044	1104106977
1030616044	1657284002
1030616044	1566537851
1675906881	1663983223
1675906881	1685492742
1675906881	1654551872
1675906881	1640469575
83836374	1481411060
83836374	1278426200
1231683441	1197487813
1477045392	1244169232
1477045392	1639529981
1153202972	1406611631
1153202972	1685492742
1661684244	1303964067
1661684244	1641547461
1077831772	1649162343
1213853463	1241359613
1213853463	1310823515
1717621734	1197487813
1675854084	1241389637
1675854084	1683469791
1675854084	1292619120
1657859027	1244169232
1657859027	1214772890
1657859027	1182250773
1657859027	1652466364
1657859027	1659837852
1657859027	1242202325
1686242095	1657284002
1032934293	1641547461
1358533860	1249079121
1602359540	1481411060
1602359540	1638799637
1602359540	1657284002
1326406415	1278426200
1282084175	1046136842
1684479745	1284246160
1644112585	1639127253
29573348	1496834122
1668119893	1663983223
1668119893	1683469791
1668119893	1652466364
1668119893	1685492742
1668119893	1242202325
1668119893	1654551872
1668119893	1652608362
1686500984	1652608362
1686500984	1573423670
1668804460	1583248213
1668804460	1656370014
1674337175	1496834122
1648324047	1242202325
1683308417	1293808434
1669463361	1284246160
1669463361	1303964067
1667611523	1649162343
222702277	1678207722
222702277	1046136842
1065663860	1548702653
1065663860	1650167165
1644881094	1242202325
1686314537	1644197770
1439423814	1428111550
1652439593	1242202325
1604726057	1420157965
1663991732	1654513221
1657520885	1654967484
1665342122	1679711954
1665342122	1583248213
1548926887	1292619120
1548926887	1651576225
1548926887	1625126751
1657017055	1068394640
1657017055	1668970432
1657017055	1641547461
1677750785	1583248213
1012739711	1104106977
1012739711	1651576225
1246595647	1278426200
1246595647	1663983223
1246595647	1658341654
1246595647	1685492742
1246595647	1654551872
1246595647	1652608362
1656329563	1651576225
1189058461	1303964067
1642554845	1651576225
1393453697	1242202325
1410848484	1625126751
1491567447	1664080805
31082304	1642132060
21110	1638799637
1639009057	1690999862
1668244557	1284246160
1630822944	1583248213
1349643863	1278426200
1676888447	1662982720
1549637620	1420157965
1681303552	1456278095
1629926057	1649469284
1629926057	1648042095
1629926057	1644648333
1629926057	1310823515
1629926057	1640469575
1338089595	1638799637
1645391781	1639529981
1670449181	1573423670
1670449181	1046136842
1664944893	1639650452
1686570283	1687869342
1677169625	1654342001
1677169625	1663983223
1677169625	1677420703
1677169625	1685492742
1677169625	1380252395
1677169625	1652608362
1046111830	1046136842
1622520263	1278426200
1622520263	1649162343
1622520263	1496834122
1622520263	1423623227
1622520263	1068394640
1692747521	1310823515
1692747521	1649467165
1406244300	1303964067
1644274254	1380252395
1644274254	1657284002
1644274254	1655211284
1660213530	1690999862
1407189757	1481411060
1098860550	1583248213
1334713705	1278426200
1678943394	1662344810
1678943394	1652466364
1235569162	1197487813
1668499490	1659837852
1668499490	1652466364
1678471801	1677420703
1678471801	1673414461
1667282775	1658341654
1676262474	1278426200
1269489420	1652466364
1269489420	1168650865
1269489420	1658341654
1670092237	1653786535
1401746337	1676236387
1515873283	1568292842
1515873283	1292619120
1515873283	1656380464
1677202575	1428111550
1677202575	1677420703
1291518814	1652466364
1596983503	1496834122
1657301617	1638799637
1657301617	1661493574
1657301617	1649162343
1657301617	1658713871
1657301617	1648058522
1657301617	1650167165
1657301617	1624337832
1657301617	1659246114
1267272457	1677557207
1656687934	1641547461
1180316095	1651576225
1180316095	1046136842
1259839530	1401394915
1650111241	1400000521
1675217467	1650167165
1583733661	1278426200
1686220081	1685492742
1652623801	1652608362
1652623801	1685492742
1652623801	1658341654
1652623801	1663983223
1652623801	1652466364
1689388570	1191258655
1675973085	1244169232
1402946490	1252927735
1648470677	1310823515
1252601961	1523788684
1252601961	1652608362
1252601961	1685492742
1252601961	1654551872
1674291727	1244169232
1674291727	1663983223
1674291727	1685492742
1674291727	1654551872
1674291727	1220291284
1678272734	1310823515
1678272734	1652466364
1688413707	1573423670
1688413707	1641547461
1152951783	1278426200
1152951783	1654737811
1214686260	1068394640
1214686260	1235440077
1214686260	1423623227
1214686260	1625126751
1648664373	1583248213
1674035761	1687869342
1674035761	1664210422
1641576281	1497487530
1645012920	1673414461
1650594607	1613640752
1675851877	1663983223
1675851877	1686615757
1675851877	1670401371
1675851877	1292619120
1675851877	1652466364
1675851877	1654551872
1675851877	1671670883
1675851877	1658341654
1675851877	1677557207
1155774257	1639529981
1226591807	1663983223
1226591807	1292619120
1226591807	1685492742
1226591807	1242202325
1226591807	1654551872
1226591807	1652608362
1226591807	1363393814
1687346523	1456278095
1461349871	1655211284
1644726404	1650167165
1142835825	1649162343
1142835825	1650594607
1670869487	1641547461
1670869487	1685492742
1670869487	1639529981
1670869487	1191258655
1054639260	1238712252
1469640564	1639650452
1469640564	1639127253
1469640564	1439148467
1644190957	1639529981
1644190957	1566537851
1685758264	1690999862
1685758264	1433036224
1658174050	1380252395
1658174050	1685492742
1658174050	1292619120
1658174050	1242202325
1684916935	1284246160
1684916935	1685492742
1684916935	1292619120
1682087537	1639127253
1251648635	1685492742
1251648635	1665681810
1686695115	1068394640
1425365610	1265057942
1222913481	1650167165
1407368720	1380252395
1407368720	1292619120
1651778894	1603422013
1651778894	1638799637
1651778894	1659837852
1651778894	1242202325
1651778894	1652466364
120567	1651576225
120567	1583248213
1415636805	1380252395
1708742754	1214686260
1364233411	1244169232
1364233411	1321500874
1364233411	1068394640
1364233411	1406611631
1364233411	1685492742
1364233411	1380252395
1364233411	1496834122
1150477032	1668519715
1429536933	1303964067
1429536933	1238712252
1650628022	1653890973
1650628022	1244944200
1691367953	1685492742
1053539785	1659837852
1053539785	1652466364
1655416873	1292619120
1655416873	1653014771
1655416873	1649467165
1599354464	1651576225
1218555153	1191258655
1094566987	1668371632
1094566987	1321500874
1619218202	1439148467
1150269595	1658341654
1557114904	1428111550
1655295785	1652634941
1683093800	1241389637
1683093800	1689666540
1683093800	1654513221
1683093800	1292619120
1680760481	1676236387
1683252142	1191258655
1683252142	1642398891
1192556923	1046136842
1302997540	1437628585
1662446417	1271679687
1590961662	1244169232
1508172327	1668519715
1402420183	1284246160
1402420183	1654044162
1410723272	1423623227
1722445411	1665229815
1722445411	1653014771
1722445411	1685492742
1722445411	1303964067
1722445411	1658341654
1645817972	1658341654
1647852597	1456278095
1668751843	1292619120
1654037160	1655211284
1458368164	1238712252
1632214534	1645925395
1673531374	1456278095
1621525184	1653315312
1224930313	1654513221
1673367344	1380252395
1673367344	1663983223
1673367344	1685492742
1673367344	1654551872
1673367344	1658341654
1406685620	1380252395
1661253400	1649162343
1644478281	1496834122
1644478281	1652608362
1644478281	1685492742
1644478281	1663983223
1657453275	1303964067
1689703601	1639127253
1661128564	1668519715
1660464600	1640469575
1314457950	1687869342
1314457950	1668702933
1314457950	1664210422
1314457950	1662333764
1314457950	1654551872
1314457950	1652608362
1661138535	1568292842
1057791327	1278426200
1057791327	1244169232
1057791327	1196975644
1057791327	1653786535
1057791327	1678207722
1057791327	1046136842
1642532322	1663983223
1642532322	1652608362
1642094953	1583248213
1667820851	1653890973
1166958914	1639650452
1166958914	1644648333
1644189144	1310823515
1281569173	1693906185
1167700277	1523788684
1653687511	1278426200
1598008913	1685492742
1598008913	1292619120
1598008913	1083069431
1665576092	1238712252
1262313535	1662848227
1262313535	1663983223
1262313535	1310823515
1262313535	1165206434
1262313535	1685492742
1262313535	1650674547
1262313535	1652608362
1262313535	1568292842
1690671095	1241389637
1642504875	1649467165
1117348800	1235440077
1646004131	1420157965
1568090395	1241389637
1568090395	1310823515
1568090395	1242202325
1278814025	1583248213
1674118181	1658713871
1674118181	1578742504
1247801785	1220291284
1686099450	1241389637
1263334913	1242202325
1424683494	1651576225
1657765365	1583248213
1651559755	1496834122
1408752422	1639650452
1080057525	1277439255
1080057525	1303964067
1171509421	1310823515
1649152460	1497487530
1671146232	1685492742
1671146232	1649393701
1675043245	1652608362
1073094763	1292619120
1652867473	1566537851
1686387377	1321500874
1686387377	1260410502
1645574171	1583248213
1678531271	1649467165
1641428154	1068394640
1641428154	1497487530
1641428154	1653014771
1604451190	1380252395
1604451190	1103012955
1141115163	1046136842
1674875097	1652608362
1674875097	1242202325
1080547893	1663983223
1080547893	1653786535
1080547893	1683469791
1080547893	1456278095
1080547893	1284246160
1080547893	1292619120
1080547893	1685492742
1080547893	1242202325
1080547893	1654551872
1080547893	1256286472
1080547893	1380252395
1080547893	1652608362
1080547893	1693906185
1089416655	1685492742
1089416655	1652466364
1688582920	1673414461
1663488071	1249079121
1663488071	1654737811
1663488071	1456278095
1663488071	1649564701
1663488071	1652608362
1663488071	1083069431
1658338440	1662848227
1658338440	1590961662
1506588051	1663983223
1506588051	1658341654
1506588051	1652466364
1506588051	1685492742
1506588051	1654551872
1506588051	1652608362
1406611631	1685492742
1610490544	1683469791
1610490544	1241389637
1610490544	1380252395
1610490544	1583248213
1407081341	1660464600
1407081341	1686152833
1407081341	1582388257
1639002805	1242202325
1644280472	1566537851
1615143607	1662848227
1615143607	1650167165
1615143607	1064328043
1646011807	1685492742
1253383617	1654737811
1253383617	1665681810
1253383617	1277439255
1253383617	1461349871
1253383617	1456278095
1253383617	1652466364
1253383617	1650448857
1253383617	1676043552
1253383617	1639984114
1253383617	1685492742
1253383617	1654551872
1253383617	1380252395
1659948621	1238712252
1689000747	1182250773
1714896473	1659756840
1692088083	1685492742
1677164574	1639127253
1677164574	1439148467
1644268492	1439148467
1054721115	1662333764
1667625133	1653353901
1400352145	1663983223
1400352145	1603422013
1400352145	1652466364
1400352145	1676236387
1400352145	1685492742
1400352145	1654551872
1400352145	1658341654
1298779911	1640469575
1644715510	1643133630
1167231354	1677557207
1650884617	1658713871
1650884617	1670359522
1650884617	1658341654
1678261162	1662848227
1678261162	1654513221
1678261162	1456278095
1180166542	1481411060
1180166542	1223524865
1427049781	1639650452
1641594055	1603422013
1641594055	1566537851
1641594055	1663604291
1641594055	1657284002
1627944850	1639529981
1650151394	1639529981
1364140643	1068394640
1606104401	1648058522
1677246474	1662848227
1677246474	1103012955
1677246474	1613640752
1677246474	1685492742
1677246474	1456278095
1654986750	1401394915
1654986750	1310823515
1654986750	1678324637
1685392077	1683469791
1685392077	1662459613
1073940887	1104106977
1073940887	1659718631
1073940887	1657765365
1073940887	1657284002
1496874104	1244169232
1496874104	1406611631
1496874104	1685492742
1496874104	1497487530
1305461613	1639650452
1285846685	1663983223
1285846685	1685492742
1285846685	1654551872
1285846685	1658341654
1067212684	1068394640
1298249585	86017819
1298249585	1036864237
1298249585	1650167165
1283526783	1653014771
1639127253	1439148467
1635875333	1278426200
1642900055	1103012955
1689959320	1685492742
1672506911	1652634941
1659834972	1292619120
1241719687	1657284002
1237064237	1613640752
1626816102	1278426200
1684386140	1639127253
1684386140	1439148467
1677906685	1690999862
1670302465	1677557207
1324830332	1654737811
1324830332	1653014771
1324830332	1642132060
1324830332	1583248213
1680658175	1456278095
1648812177	1652608362
1648812177	1685492742
1665356891	1690999862
1665356891	1271240923
1510963557	1235440077
1045123901	1649162343
1036297992	1685492742
1005417864	1104106977
1005417864	1566537851
25509597	1046136842
1561313227	1568292842
1217416855	1625126751
1052937860	1638799637
1653821771	1380252395
1342116842	1657284002
1671442382	1639984114
1671442382	1665681810
1308014860	1686262421
1308014860	1423623227
1679032962	1650674547
1679032962	1668970432
1654639740	1670359522
1654639740	1639529981
1271598814	1664080805
1662363665	1674070933
1662865430	1456278095
1436999404	1683469791
1642524752	1284246160
1652974955	1644197770
1404376560	1638799637
1404376560	1347197443
1438622722	1662848227
1438622722	1659169167
1438622722	1651576225
1438622722	1659246114
1705595980	1644197770
1626982213	1658341654
1660375054	1401394915
1401981170	1223524865
1401981170	1674528005
1584585540	1687869342
1646659662	1644648333
1005784151	1685492742
1635525507	1641547461
1030176205	1241359613
1517163701	1046136842
1674832172	1685492742
1660272431	1154526461
1660272431	1292619120
1029681832	1639127253
1029681832	1439148467
1656542811	1668082280
1656542811	1676236387
1656542811	1568292842
1644870322	1658341654
1658292110	1653315312
1658292110	1644648333
1650324215	1613640752
1641553785	1583248213
1578818417	1401394915
1578818417	1648058522
1644216207	1566537851
1192836313	1652634941
1651448587	1668519715
1604234990	1583248213
1423050795	1244169232
1423050795	1685492742
1594978135	1625126751
1648493371	1456278095
1261131600	1654737811
1261131600	1420157965
1557213070	1652608362
1557213070	1685492742
1677916452	1642420854
1670687772	1380252395
1658661097	1229238924
1254567515	1639650452
102573	1278426200
102573	1284246160
1083745600	1693906185
1083745600	1639984114
1679474371	1672002250
1559053991	1653315312
1559053991	1644715510
1283459071	1439148467
1277609480	1481411060
1424926103	1689193447
1690333844	1284246160
1683478313	1661493574
1683478313	1497487530
1683478313	1428111550
1683478313	1242202325
1683478313	1654551872
1657661170	1613640752
1002603155	1104106977
1002603155	1651576225
1665331033	1640469575
1298409744	1641547461
1672507344	1453899234
1084305093	1685492742
1651911237	1654737811
1651911237	1583248213
1651911237	1650167165
1651911237	1624337832
1653749602	1653353901
1646061681	1652466364
1646061681	1685492742
1646061681	1654551872
1646061681	1380252395
1646061681	1652608362
1646061681	1689193447
1658010475	1603422013
1658010475	1657284002
1658010475	1658341654
1658152034	1638799637
1131372845	1068394640
1649591804	1643937210
1649591804	1244169232
1649591804	1663983223
1649591804	1652608362
1649591804	1590961662
1649591804	1456278095
1649591804	1569658975
1649591804	1685492742
1649591804	1654551872
1649591804	1652466364
1659837467	1659837852
1608839727	1583248213
1652649975	1658341654
1708221385	1284246160
1270646130	86017819
1667006755	1639529981
1688637485	1653315312
1646079002	1494745254
1646079002	1649162343
1646079002	1437628585
1646079002	1651576225
1646079002	1657284002
1686808541	1693906185
1686808541	1663983223
1686808541	1685492742
1655131655	1663983223
1655131655	1685492742
1655131655	1652608362
1376723560	1650167165
1636773670	1406611631
1636773670	1265057942
1636773670	1685492742
1653435642	1659169167
1679611304	1630413587
1679611304	1682243061
1679611304	1654737811
1414096542	1244169232
1306800005	1278426200
1306800005	1583248213
1306800005	1673414461
1688169292	1683469791
1688169292	1652608362
1320132015	1638799637
1264379171	1652608362
1264379171	1653014771
1677475493	1677420703
1692955392	1644197770
1580927653	1241389637
1678065581	1652634941
1644245811	1650448857
1644245811	1241359613
1619606777	1242202325
1451284281	1673414461
1451284281	1583248213
1661044373	1380252395
1661044373	1568292842
1233336911	1673414461
1425312357	1685492742
1669166487	1284246160
1236237791	1321500874
1236237791	1685492742
1692587011	1244944200
1676598392	1654737811
1676598392	1271240923
1676598392	1292619120
1236358290	1683469791
1211281142	1652466364
1649605537	1481411060
1409821450	1244169232
1676795081	1214772890
75474559	1220291284
1327059832	1651576225
1367757012	1651576225
1652564692	1241389637
1652564692	1662848227
1652564692	1663983223
1652564692	1583248213
1652564692	1380252395
1652564692	1652608362
1251510943	1494745254
1658709673	1658341654
1659535024	1197487813
1652925065	1284246160
1652925065	1641547461
1162213054	1644197770
1162213054	1284246160
1162213054	1303964067
1662471511	1242202325
1634987860	1271240923
1651151601	1241389637
1651151601	1663983223
1651151601	1658341654
1651151601	1654551872
1651151601	1652608362
1651151601	1271240923
1656841734	1197487813
1656841734	1191258655
1656841734	1640469575
1264106273	1683469791
1264106273	1548702653
1264106273	1080057525
1264106273	1568292842
1264106273	1652634941
1666034892	1663983223
1666034892	1641547461
1666034892	1657284002
1666034892	1292619120
1666034892	1658341654
1666034892	1685492742
1666034892	1662982720
1666034892	1380252395
1666034892	1673414461
1678842871	1271679687
1604047182	1456278095
1604047182	1517190980
1662392322	1303964067
1656010063	1663983223
1656010063	1652466364
1656010063	1685492742
1656010063	1380252395
1656010063	1652608362
1656010063	1645925395
1099337790	1292619120
1645809563	1690999862
1645809563	1652608362
1645809563	1685492742
1645809563	1663983223
1645809563	1658341654
1633610190	1639650452
1618347305	1641547461
1654750575	1655211284
1654750575	1652466364
1654750575	1068394640
1654750575	1685492742
1654750575	1242202325
1654750575	1654551872
1654750575	1652608362
1057333110	1241359613
1664600402	1650167165
1664600402	1220291284
1644253173	1046136842
1287558132	1568292842
1287558132	1456278095
1287558132	1652634941
1287558132	1658713871
1287558132	1676236387
1287558132	1439148467
1287558132	1639127253
1287558132	1677420703
1658496162	1658341654
1316670374	1654737811
1316670374	1663983223
1316670374	1652466364
1316670374	1685492742
1316670374	1654551872
1316670374	1658341654
1583985482	1284246160
1013159527	1658713871
1013159527	1380252395
1666005827	1685492742
1483111922	1278426200
1483111922	1481411060
1400142285	1603422013
1400142285	1653294833
1400142285	1064328043
1400142285	1630413587
1400142285	1406611631
1400142285	1685492742
1400142285	1678324637
1644134427	1104106977
1632833655	1068394640
1632833655	1685492742
1301913240	1278426200
1301913240	1683469791
1301913240	1685492742
1301913240	1292619120
1301913240	1652466364
1675859743	1494745254
1675859743	1677420703
1654790815	1663983223
1654790815	1568292842
1654790815	1683469791
1654790815	1652466364
1654790815	1685492742
1654790815	1654551872
1654790815	1652608362
1720995143	1284246160
1188778220	1649467165
1289829084	1658713871
1405885274	1278426200
1405885274	1271679687
1659210673	1292619120
1659210673	1412718972
1156549453	1639529981
1641581707	1401394915
1655155055	1658341654
1494856974	1496834122
1672756207	1683469791
1672756207	1453899234
1672756207	1523788684
1672756207	1437628585
1672756207	1660050505
1347498555	1380252395
1347498555	1639984114
1668702933	1220291284
1630763483	1648042095
1639378761	1310823515
1215203560	1656370014
1652174215	1238712252
1654342001	1687333575
1644425082	1639984114
1644425082	1652608362
1644425082	1665681810
1644425082	1423623227
1687864635	1241389637
1687864635	1662848227
1687864635	1663983223
1687864635	1456278095
1687864635	1652466364
1687864635	1659837852
1687864635	1685492742
1687864635	1242202325
1687864635	1654551872
1687864635	1583248213
1687864635	1658341654
1687864635	1144434464
1641973690	1651576225
1295009824	1494745254
1645987304	1642132060
1458641657	1583248213
1675087462	1662848227
1675087462	1663983223
1675087462	1456278095
1675087462	1292619120
1675087462	1685492742
1675087462	1652608362
1697698367	1652466364
1668513274	1652634941
1658022662	1651576225
1577821327	1456278095
1661679337	1650042745
1661679337	1420157965
1291391030	1104106977
1675854470	1244169232
1675854470	1227581251
1675854470	1657284002
1675854470	1677420703
1497770682	1646068663
1217475010	1650167165
1652984257	1244169232
1496866901	1651576225
1496866901	1658713871
1496866901	1310823515
1496866901	1674070933
1627988235	1481411060
1627988235	1401394915
1623666844	1068394640
1623666844	1642398891
1623666844	1658713871
1623666844	1497487530
1623666844	1303964067
1623666844	1652466364
1623666844	1639650452
1623666844	1144434464
1623666844	1662982720
1563258272	1652466364
1650580732	1481411060
1650580732	1104106977
1650580732	1657284002
1650580732	1583248213
1635220702	1284246160
1670068477	1657284002
1405777033	1666680885
1637993133	1652608362
1637993133	1685492742
1637993133	1654551872
1637993133	1652466364
1645248444	1639650452
1357944700	1658341654
1190925570	1271679687
1190925570	1420157965
1440898535	1641547461
1342389401	1278426200
1342389401	1241389637
1342389401	1061446797
1342389401	1103012955
1342389401	1689666540
1653119110	1569547662
1653119110	1653014771
1085513710	1658713871
43536809	1625126751
1628202325	1641547461
1252373132	1380252395
1068837092	1666680885
1300134915	1653353901
66234627	1046136842
1658468355	1685492742
1658468355	1423623227
1658468355	1652466364
1714262450	1241389637
1428520213	1663842770
1428520213	1658341654
1582862581	1293808434
1345454230	1244169232
1345454230	1646891994
1345454230	1293808434
1345454230	1516619402
1308067054	1652608362
1308067054	1685492742
1242346393	1068394640
1684452940	1657284002
1062810460	1641547461
1604192175	1241389637
1604192175	1603422013
1657101625	1653014771
1152902673	1241389637
1152902673	1278426200
1152902673	1663983223
1152902673	1401394915
1152902673	1658341654
1152902673	1481411060
1152902673	1658713871
1152902673	1685492742
1675731630	1652634941
1645058885	1639650452
1680570553	1241389637
1680570553	1689666540
1680570553	1687498387
1646718521	1271679687
1709323707	1685492742
1664294600	1223524865
1664294600	1650674547
1664294600	1651576225
1642825604	1664080805
1642825604	1686262421
1642825604	1423623227
1642825604	1649467165
1196587922	1220291284
1677328093	1686262421
1696688024	1197487813
1651760973	1284246160
1651468061	1658341654
1659750614	1220291284
1677823593	1668371632
1722110740	1303964067
1287757574	1220291284
1583051082	1412718972
1236380405	1068394640
1160343943	1653315312
1450866052	1644648333
1260305023	1658341654
1663643565	1641547461
1711138914	1284246160
1343472654	1654967484
1343472654	1654737811
1343472654	1404584100
1252927735	1642132060
1690043931	1662459613
1676730764	1652608362
1676730764	1685492742
1676730764	1654551872
1676277344	1686262421
1463172125	1651576225
1199769167	1683469791
1199769167	1685492742
1199769167	1652608362
1199769167	1428111550
1199769167	1652466364
1652185274	1481411060
1652185274	1657284002
1652185274	1439148467
1664505823	1406611631
1664505823	1401394915
1664505823	1061446797
1664505823	1423623227
1645572654	1310823515
1650412814	1641547461
1656770227	1278426200
1656770227	1292619120
1656770227	1673414461
1674528005	1223524865
1664635665	1639650452
1681872982	1668519715
1675856260	1568292842
1675856260	1456278095
1675856260	1677420703
1675856260	1380252395
1675856260	1685690532
1675856260	1693906185
1658636822	1659756840
1603424830	1652634941
1170889593	1651450823
1354659303	1481411060
1102818263	1284246160
1344381125	1278426200
1659240213	1685492742
1677960024	1220291284
1644119190	1652608362
1644119190	1665681810
1648847712	1380252395
1688840067	1658713871
1688840067	1284246160
1688840067	1640469575
1655250767	1068394640
1114422680	1690999862
1450393263	1653014771
1450393263	1657284002
1641550972	1651576225
1614329351	1439148467
1686286407	1652608362
1686286407	1412718972
1657600292	1456278095
1657600292	1679438454
1251634327	1642132060
1664174432	1428111550
1210225687	1613640752
1210225687	1685492742
1210225687	1303964067
1210225687	1652608362
1676263414	1652608362
1676263414	1685492742
1676263414	1654551872
1655836513	1683137615
1655836513	1583248213
1189926755	1241389637
1660730032	1284246160
1675019715	1321500874
1258151463	1498532251
1258151463	1650674547
1258151463	1657284002
1258151463	1668082280
1258151463	1496850204
1258151463	1685492742
1258151463	1652608362
1641600900	1652466364
1420555367	1690999862
1420555367	1197487813
1627825392	1103012955
1568376507	1654737811
1608673232	1649467165
1459043597	1685492742
1459043597	1568292842
1459043597	1654551872
1575488622	1639984114
1575488622	1652608362
1575488622	1497487530
1575488622	1423623227
1279388153	1662344810
1279388153	1506121252
1279388153	1220291284
1678471862	1644305355
1678471862	1688915051
1678471862	1653315312
1678471862	1423623227
1691339823	1568292842
1212964325	1197487813
1676267572	1461349871
1676267572	1025914963
1676267572	1654786065
1676267572	1412718972
1389140047	1677328093
1389140047	1678324637
1688729490	1653014771
1657280190	1303964067
1657280190	1220291284
1676282067	1693906185
1358447800	1494745254
1659332542	1659837852
1659332542	1652466364
1520759812	1673414461
1657767785	1659756840
1657767785	1197487813
1021812084	1653786535
1503930542	86017819
1668082280	1220291284
1672308513	1624337832
1216969484	1689703601
1097201945	1662848227
1624849225	1334201975
1624849225	1293808434
1624849225	1673414461
1601617774	1603422013
1601617774	1568292842
1215061750	1284246160
1262139244	1284246160
1663965260	1456278095
1663965260	1310823515
1004524612	1649467165
1684263164	1644305355
1684263164	1641547461
1253158610	1639984114
1658885104	1653890973
1658885104	1658341654
1672650727	1401394915
1403817840	1284246160
1458248264	1401394915
1458248264	1284246160
1458248264	1235440077
1458248264	1406611631
1458248264	1648058522
1458248264	1685492742
1650528515	1644648333
1650528515	1497487530
1401044170	1677557207
1496953772	1103012955
1496953772	1647375747
1496953772	1651576225
1496953772	1046136842
1667405432	1380252395
1663483071	1303964067
1671699681	1494745254
1671699681	1685492742
1442226471	1380252395
1197775811	86017819
1683339934	1654513221
1667896331	1191979833
1646340303	1380252395
1646340303	1275617147
1283022704	1663983223
1283022704	1423623227
1283022704	1658341654
1283022704	1548702653
1283022704	1685492742
1283022704	1654551872
1283022704	1652608362
1686498043	1687869342
1644741907	1321500874
1644741907	1655211284
1644741907	1499025060
1644741907	1242202325
1644741907	1674528005
1644741907	1583248213
1646038525	1652608362
1646038525	1685492742
1644352745	1649686092
1644352745	1653014771
1644352745	1603422013
1644352745	1651576225
1644352745	1583248213
1644352745	1653890973
1644352745	1104106977
1678592794	1456278095
1665950272	1690999862
1445216587	1639984114
1445216587	1685492742
1445216587	1665681810
1445216587	1654551872
1445216587	1652466364
1660337740	1656370014
1660337740	1423623227
1660337740	1658341654
1652381373	1657284002
1662845985	1568292842
1575146842	1687685544
1575146842	1659837852
1575146842	1652608362
1575146842	1685492742
1575146842	1652466364
1658187305	1653315312
1658187305	1685492742
1658187305	1292619120
1658187305	1657284002
1110308431	1103012955
1306003942	1303964067
1670136841	1639529981
1648211805	1659837852
1648211805	1652466364
1427609584	1220291284
1589208422	1651576225
1589208422	1652466364
1653603955	1639650452
1611539727	1235440077
1284071874	1652608362
1284071874	1685492742
1652871474	1496834122
1659563272	1284246160
1560604757	1644648333
1374785932	1284246160
1197382892	1456278095
1224804035	1548702653
1224804035	1271240923
1618002511	1496834122
1618002511	1659246114
1586747194	1281245232
1586747194	1673414461
1145642397	1068394640
1145642397	1220291284
1088412174	1439148467
1042426947	1685492742
1042426947	1663983223
1042426947	1196975644
1042426947	1654551872
1676262970	1278426200
1676262970	1672002250
1465092222	1241389637
1465092222	1380252395
1465092222	1496834122
1465092222	1292619120
1657449857	1154526461
1234426303	1641547461
1234426303	1657284002
1234426303	1658341654
1669601932	1639650452
1674477905	1284246160
1674477905	1639529981
1659873665	1677420703
1097329737	1568376507
1097329737	1690999862
1647699991	1380252395
1647699991	1191979833
1657704682	1693906185
1687296433	1639984114
1496970484	1496834122
1496970484	1437628585
1658257031	1271679687
1655953370	1658341654
1257217874	1639650452
1350048101	1278426200
1350048101	1252927735
1350048101	1309388607
1350048101	1657284002
1350048101	1428111550
1350048101	1481411060
1660516084	1673414461
1642586494	1406611631
1656612735	1663983223
1656612735	1652608362
1656612735	1652466364
1656612735	1685492742
1656612735	1654551872
1656612735	1380252395
1656612735	1658341654
1675869493	1651576225
1068803873	1650448857
1678134712	1668519715
1359383737	1496834122
1359383737	1439148467
1056981525	1229238924
1698471815	1639529981
1692670617	1668371632
1684472080	1678324637
1064619715	1401394915
1064619715	1651576225
1064619715	1648058522
1664248405	1068394640
1400702587	1650448857
1400702587	1583248213
1400702587	1103012955
1609847630	1690999862
1609847630	1655211284
1518610444	1244169232
1518610444	1223524865
1518610444	1196975644
1518610444	1678207722
1518610444	1685458501
1518610444	1154526461
1518610444	1578328365
1643926272	1658713871
1258095412	1657284002
1655910965	1065207502
1655910965	1678324637
1644715470	1613640752
1641495634	1642132060
1532409621	1651576225
1653615692	1104106977
1272332037	1658341654
1212921433	1568292842
1405819295	1646068663
1549063143	1583248213
1549063143	1639529981
1549063143	1439148467
1422713712	1685492742
1422713712	1654551872
1622602225	1690999862
1432376132	1655211284
1649566690	1657284002
1458684275	1654737811
1458684275	1347498555
1458684275	1423623227
1458684275	1665681810
1458684275	1456278095
1458684275	1284246160
1458684275	1658341654
1458684275	1639984114
1458684275	1663983223
1458684275	1685492742
1458684275	1654551872
1458684275	1380252395
1458684275	1652466364
1458684275	1568292842
1627989674	1481411060
1627989674	1278426200
1627989674	1046136842
1659025905	1278426200
1659025905	1154526461
1659025905	1685492742
1659025905	1652608362
1377489965	1639127253
1377489965	1238712252
1720676342	1191258655
1218508572	1583248213
1654996324	1639650452
1654996324	1284246160
1654996324	1242202325
1654996324	1583248213
1648621602	1648957132
1648621602	1423623227
1691907981	1683469791
1656231792	1651576225
1656231792	1220291284
1344698990	1648058522
1679292154	1496834122
1679292154	1662934562
1465723835	1197487813
1465723835	1191979833
1676555915	1644016911
1676555915	1657284002
1661481550	1689234627
1661481550	1568292842
1677670465	1639127253
1677670465	1439148467
1625563367	1068394640
1672303084	1653786535
1688572171	1652608362
1657748294	1652608362
1657748294	1685492742
1657748294	1654551872
1401860793	1649467165
1664280623	1690999862
1653890973	1653353901
1659040135	1654551872
1222202531	1651576225
1668947705	1265057942
1642035264	1652608362
1683599631	1690999862
1678230673	1568292842
1571084242	1583248213
1406164810	1307555247
1192428237	1666680885
1192428237	1423623227
1655780092	1278426200
1655780092	1662459613
1645839550	1652608362
1645839550	1663983223
1645839550	1685492742
1645839550	1654551872
1645839550	1658341654
1642479640	1497487530
1651436657	1652466364
1677135841	1278426200
1677135841	1655211284
1651904310	1654737811
1651904310	1665681810
1651904310	1423623227
1651904310	1238712252
1651904310	1639984114
1651904310	1685492742
1651904310	1654551872
1651904310	1652608362
1393543682	1660464600
1220013005	1639984114
1220013005	1665681810
1220013005	1423623227
1220013005	1654551872
1088791230	1278426200
1088791230	1638799637
1088791230	1481411060
1088791230	1439148467
1214806873	1252927735
1214806873	1649467165
1688219610	1653315312
1678772663	1292619120
1658271437	1154526461
1667193832	1191258655
1677846805	1683339934
1677846805	1680106593
1224156774	1658341654
105149	1657284002
1497337850	1241389637
1497337850	1689666540
1652845545	1235440077
1652845545	1641547461
1651143444	1303964067
1660248182	1310823515
1660248182	1640469575
1649310530	1583248213
1420273435	1672205230
1420273435	1423623227
1450823160	1657284002
1663677110	1244169232
1679035067	1244169232
1679035067	1665782457
1679035067	1653786535
1679035067	1191258655
1642234653	1481411060
1314206911	1103012955
1634921347	1292619120
1671182972	1690999862
1642583764	1685492742
1642583764	1654551872
1651826051	1657921813
1651826051	1652634941
1400133051	1659756840
1672313270	1639650452
1653449650	1244169232
1400000521	1104106977
1400000521	1439148467
1599545667	1639650452
1599545667	1303964067
1650598077	1685492742
1650598077	1654551872
1691249770	1639529981
1061258433	1220291284
1663584663	1651576225
1663584663	1423623227
1663584663	1655211284
1285834783	1494745254
1291285737	1663983223
1291285737	1310823515
1291285737	1667820851
1291285737	1566537851
1291285737	1456278095
1291285737	1653353901
1291285737	1685492742
1291285737	1674528005
1291285737	1380252395
1291285737	1652608362
1291285737	1654551872
1672199865	1668082280
1672199865	1663983223
1672199865	1671095067
1145171085	1321500874
1338738570	1244169232
1680201194	1223524865
1680201194	1242202325
1677169944	1244169232
1677169944	1648042095
1677169944	1676064132
1677169944	1568292842
1677169944	1423623227
1506579285	1673414461
1117384014	1152078712
1117384014	1401394915
1117384014	1639529981
1688331291	1241359613
1671847445	1654737811
1671847445	1639984114
1671847445	1685492742
1671847445	1665681810
1671847445	1654551872
1441575565	1423623227
1260856904	1613640752
1260856904	1292619120
1683329950	1241389637
1683329950	1663983223
1683329950	1654551872
1683329950	1668082280
1683329950	1456278095
1683329950	1658341654
1683329950	1321500874
1683329950	1685492742
1683329950	1242202325
1683329950	1664210422
1683329950	1673414461
1660141095	1650448857
1660141095	1401394915
1660141095	1659169167
1660141095	1663983223
1660141095	1658341654
1283066003	1651576225
1649961954	1653014771
1675854832	1428111550
1675854832	1292619120
1675854832	1657284002
1342357972	1662848227
1659827215	1661493574
1659827215	1583248213
1659827215	1668702933
1659827215	1292619120
1694557541	1241389637
1694557541	1689666540
1605244534	1663983223
1605244534	1685492742
1605244534	1292619120
1605244534	1658341654
1605244534	1641547461
1352816467	1586747194
1352816467	1652608362
1352816467	1685492742
1352816467	1654551872
1322047483	1241389637
1322047483	1686262421
1273397490	1687869342
1606902977	1401394915
1606902977	1648058522
1679200804	1068394640
1665921403	1242202325
1453362770	1655318994
1453362770	1683469791
1453362770	1497487530
1453362770	1651576225
1453362770	1650448857
1453362770	1659169167
1453362770	1144434464
1453362770	1242202325
1676154143	1278426200
1684655675	1154526461
1329150690	1624337832
1390579567	1641547461
1655434280	1406611631
1655434280	1401394915
1655434280	1685492742
1611744293	1685492742
1286659964	1653890973
1286659964	1583248213
1575106271	1244169232
1575106271	1278426200
1575106271	1685492742
1575106271	1652466364
1677660063	1278426200
1677660063	1154526461
1677660063	1568292842
1212641822	1662848227
1212641822	1401394915
1212641822	1653786535
1212641822	1423623227
1212641822	1648058522
1664477165	1284246160
1664477165	1568292842
1663756477	1223524865
1663756477	1674528005
1677328920	1238712252
1677328920	1644648333
1677328920	1652466364
1677328920	1659837852
1677328920	1271679687
1677328920	1433036224
1566264297	1649686092
1566264297	1284246160
1705451761	1310823515
1705451761	1640469575
1684613550	1412718972
1494720324	1639984114
1355938633	1652634941
1649430795	1244944200
1644803170	1663983223
1644803170	1652608362
1644803170	1652466364
1644803170	1685492742
1644803170	1654551872
1644803170	1658341654
104626	1481411060
104626	1494745254
104626	1649686092
104626	1657284002
1670445434	1639650452
1685442443	1655211284
1676052262	1690999862
1558578472	1658713871
1558578472	1651576225
1494114792	1284246160
1076198930	1481411060
1076198930	1278426200
1659106862	1428111550
1661466114	1271240923
1661466114	1657284002
1613900814	1321500874
1613900814	1568292842
1613900814	1292619120
1613900814	1652466364
1613900814	1293808434
1613900814	1653014771
1646704922	1652466364
1234172365	1690999862
1665100564	1046136842
1236122817	1241389637
1668277523	1624337832
1661537490	1652608362
1661537490	1665681810
1661537490	1423623227
1661537490	1284246160
1661537490	1525859910
1661537490	1650448857
1661537490	1639984114
1661537490	1685492742
1661537490	1652466364
1647247597	1644274254
1647247597	1657284002
1658564143	1278426200
1055154573	1284246160
1055154573	1656370014
1663628973	1685492742
1663628973	1652466364
1661798701	1068394640
1661798701	1629926057
1679179937	1641547461
1660628733	1406611631
1660628733	1685492742
1418781924	1244169232
1418781924	1659837852
1418781924	1310823515
1418781924	1652466364
1661931502	1639529981
1660686897	1613640752
1701999280	1271679687
1660235512	1431545435
1660235512	1649162343
1682288561	1244169232
1682288561	1242202325
1682288561	1644016911
1642688201	1663983223
1642688201	1685492742
1642688201	1658341654
1301427312	1661493574
1679118621	1278426200
1648940195	1244169232
1674984873	1496808754
1674984873	1242202325
1687320655	1214772890
1642339361	1687869342
1376434787	1641547461
1497554923	1663983223
1497554923	1087475905
1497554923	1652466364
1497554923	1400353615
1497554923	1659558011
1497554923	1685492742
1497554923	1654551872
1497554923	1439148467
1497554923	1652608362
1317180377	1380252395
1220861753	1641600900
1220861753	1642132060
1685492742	1652608362
1685492742	1685492742
1685492742	1652466364
1227316034	1152078712
1403588047	1642132060
1676538241	1284246160
1655933334	1652466364
1236894504	1653014771
1651771697	1191979833
1224305093	1244169232
1224305093	1653315312
1224305093	1685690532
1665041391	1496834122
1665041391	1401492005
1600113997	1191979833
1677848627	1583248213
1662723891	1496834122
1005262877	1244169232
1627978602	1046136842
1688056912	86017819
1688056912	1249079121
1688056912	1568292842
1683250737	1639127253
1684413775	1481411060
1684413775	1278426200
1656149992	1456278095
1671049687	1494745254
1687017453	1303964067
1582388257	1401394915
1582388257	1303964067
1687284412	1481411060
1687284412	1630413587
1687284412	1132092220
1687284412	1401492005
1352091341	1046136842
1264014413	1046136842
1667310202	1278426200
1667310202	1154526461
1609576007	1652466364
1609576007	1652608362
1609576007	1685492742
1609576007	1663983223
1609576007	1658341654
1072047705	1278426200
1072047705	1494745254
1072047705	1481411060
1468939965	1668082280
1652969205	1241389637
1652969205	1278426200
1652969205	1356433923
1652969205	1689666540
1652969205	1685690532
1652969205	1271240923
1680760412	1223524865
1680760412	1639984114
1680760412	1652466364
1497443322	1401394915
1497443322	1648058522
1682747050	1223524865
1682747050	1652466364
1682747050	1653315312
1682747050	1685492742
1682747050	1654551872
1682747050	1652608362
1290268683	1668371632
1290268683	1568292842
1335163207	1238712252
1583505282	1068394640
1583505282	1401394915
1583505282	1284246160
1356532285	1652608362
1356532285	1685492742
1356532285	1654551872
1704960524	1648042095
1192640974	1494745254
1665402500	1278426200
1403924763	1642132060
1400655642	1661493574
1400655642	1638369470
1400655642	1064328043
1343264264	1656845045
1343264264	1668082280
1343264264	1321500874
1343264264	1220291284
1688605871	1568292842
1683114491	1683137615
1683114491	1224870710
1135896580	1321500874
1135896580	1663535203
1135896580	1292619120
1135896580	1658341654
1135896580	1663983223
1135896580	1685492742
1135896580	1652466364
1099713350	1241389637
1099713350	1380252395
1099713350	1456278095
1099713350	1321500874
1686668791	1687869342
1659578387	1649162343
1681780685	1639127253
1681780685	1439148467
1017439175	1244169232
1017439175	1649162343
1017439175	1496834122
1656027535	1658713871
1665681810	1654737811
1665681810	1423623227
1665681810	1652466364
1665681810	1639984114
1665681810	1685492742
1665681810	1654551872
1665681810	1652608362
1401394915	1648058522
1685362803	1568292842
1657700487	1658341654
1672507662	1659837852
1672507662	1652466364
1633812100	1380252395
1678294211	1653014771
1649527771	1321500874
1657034257	1654737811
1651450823	1679711954
1652466364	1659837852
1428681567	1649162343
1655090485	1664080805
1655090485	1661837103
1563400253	1244169232
1615925515	1653353901
1195026852	1310823515
1195026852	1220291284
1648781737	1683469791
1652597397	1658341654
1402138343	1497487530
1402138343	1162213054
1685161581	1639529981
1691928962	1642398891
1665334321	1525859910
1266782865	1223524865
1266782865	1652608362
1266782865	1654551872
1686747023	1662459613
1650130153	1685492742
1650130153	1242202325
1650130153	1652466364
1657336704	1566537851
1672500441	1685492742
1681123220	1496834122
1675858274	1241389637
1675858274	1380252395
1675858274	1568292842
1696814423	1641547461
1651102335	1657284002
1689360474	1658341654
1650168754	1583248213
1680826801	1568292842
1134543400	1659837852
1134543400	1652466364
1650063117	1649467165
1144877291	1649467165
1448221101	1642398891
1595524815	1068394640
1595524815	1310823515
1595524815	1640469575
1671457917	1659756840
1311080825	1453899234
1680719615	1406611631
1680719615	1284246160
1666019834	1321500874
1278663540	1648058522
1650529421	1220291284
1649827427	1663983223
1649827427	1652634941
1649827427	1658341654
1649827427	1685492742
1649827427	1654551872
1649827427	1652466364
1574113354	1646068663
1574113354	1644648333
1574113354	1641547461
1156650975	1046136842
1644083191	1104106977
1239496773	1653786535
1239496773	1046136842
1637517873	1456278095
1653783841	1481411060
1653783841	1653353901
1653783841	1613640752
1638697212	1481411060
1638697212	1278426200
1578469727	1663965260
1665229815	1241389637
1665229815	1566537851
1665229815	1310823515
1665229815	1640469575
1665229815	1401394915
1665229815	1307555247
1665229815	1648058522
1665229815	1220291284
1497390470	1223524865
1497390470	1639984114
1497390470	1659837852
1497390470	1652466364
1668831304	1310823515
1650319574	1238712252
1664710595	1683469791
1664710595	1229238924
1663983223	1652608362
1663983223	1685492742
1663983223	1658341654
1663983223	1654551872
1663983223	1652466364
1046709302	1428111550
1656621744	1652608362
1681605053	1683469791
1676267871	1641547461
1412082092	1638799637
1644413187	1654967484
1042694261	1583248213
1640469575	1310823515
1687685544	1652466364
1687685544	1068394640
1687685544	1685492742
1687685544	1654551872
1687685544	1380252395
1687685544	1652608362
1672512820	1278426200
18333618	1046136842
1389223410	1284246160
1263023762	1663983223
1263023762	1662109054
1263023762	1658341654
1263023762	1652466364
1263023762	1685492742
1263023762	1652608362
1659872571	1293808434
1659872571	1673414461
1149084507	1690999862
1481411060	1278426200
1658646552	1685492742
1350947532	1662848227
1350947532	1653890973
1244213714	1658713871
1621673347	1685492742
1621673347	1242202325
1621673347	1652466364
1656831713	1241389637
1656831713	1658341654
1643937210	1649467165
1211489003	1380252395
1643436607	1652608362
1643436607	1668519715
1643436607	1655211284
1643436607	1652634941
1643436607	1685492742
1643436607	1583248213
1643436607	1380252395
1643436607	1064328043
1056897511	1278426200
1625439637	86017819
1316898513	1662848227
1151280692	1653315312
1649687071	1639529981
1099647582	1456278095
1085268075	1639650452
1693544851	1668519715
1693544851	1284246160
1693544851	1653315312
1693544851	1685492742
1693544851	1652608362
1693544851	1083069431
1650307040	1685492742
1560567523	1649162343
1652335290	1683469791
1652335290	1662109054
1150135105	1494745254
1654428040	1244169232
1654428040	1653890973
1680451081	1220291284
1694137790	1653014771
1693774145	1235440077
1653432601	1654513221
1656292572	1639984114
1656292572	1380252395
1656292572	1654551872
1407549564	1412718972
1652880724	1244944200
1654026944	1639529981
1654026944	1497487530
1654026944	1303964067
1654026944	1668970432
1654026944	1406611631
1654026944	1046136842
1187356312	1649162343
1410657354	1401394915
1410657354	1648058522
1652188201	1639529981
1593250423	1670359522
1593250423	1642132060
1647170920	1644648333
1652194081	1653315312
1652194081	1321500874
1655923867	1642398891
1651917080	1065207502
1154526461	1658685703
1311259827	1583248213
1669735523	1659837852
1669735523	1244944200
1669735523	1652466364
1181752504	1658341654
1650458000	1220291284
1179837314	1323471047
1179837314	1673414461
1665622877	1568292842
1674463010	1652634941
1654551872	1652608362
1654551872	1685492742
1654551872	1652466364
1644591145	1652466364
1548345430	1583248213
1649634021	1652608362
1649634021	1685492742
1404287794	1664080805
1404287794	1642132060
1681207950	1642398891
1652988340	1220291284
1009842360	1639984114
1009842360	1665681810
1009842360	1423623227
1009842360	1292619120
1009842360	1652466364
1009842360	1677235812
1009842360	1685492742
1009842360	1664210422
1009842360	1652608362
1009842360	1665921403
1009842360	1654551872
1009842360	1653786535
1668841523	1659756840
1668841523	1644648333
1677730147	1284246160
1649292865	1663983223
1649292865	1685492742
1658685703	1154526461
1655288664	1241389637
1655288664	1663983223
1655288664	1310823515
1655288664	1668082280
1655288664	1613640752
1655288664	1658341654
1655288664	1321500874
1655288664	1685492742
1655288664	1668371632
1655288664	1661213821
1648294350	1303964067
1648294350	1220291284
1557494967	1661493574
1557494967	1656380464
1663225227	1423623227
1401328641	1657284002
1351434897	1494720324
1351434897	1641547461
1644395354	1642420854
1644395354	1641547461
1670705067	1652634941
1667841001	1658341654
1642252681	1046136842
1684263800	1241389637
1613962150	1639064400
1613962150	1651576225
1613962150	1046136842
1661314935	1241389637
1290116574	1669735523
1689308612	1685492742
1689308612	1674528005
1707432453	1284246160
1707432453	1685492742
1707432453	1652466364
1657933962	1683469791
1657933962	1568292842
1657933962	1652634941
1642909335	1583248213
1662915627	1663983223
1662915627	1685492742
1662915627	1242202325
1662915627	1654551872
1662915627	1658341654
1686541603	1271240923
15058618	1241389637
15058618	1662848227
15058618	1663983223
15058618	1292619120
15058618	1658341654
15058618	1321500874
15058618	1685492742
15058618	1654551872
15058618	1380252395
15058618	1652608362
1481674837	1629966190
1481674837	1284246160
1292619120	1653786535
1400353615	1278426200
1400353615	1277439255
1400353615	1403530220
1400353615	1583248213
1400353615	1227581251
1400353615	1677557207
1496850204	1214772890
1400033261	1642398891
1650228545	1651576225
1597815132	1191258655
1713926427	1241389637
1713926427	1661493574
1713926427	1380252395
1713926427	1303964067
1713926427	1654551872
1689620551	1680847394
1689620551	1652608362
1689620551	1321500874
1679025713	1284246160
1679025713	1644648333
1658771395	1658713871
1659728703	1583248213
1653701103	1641547461
1645966032	1652608362
1645966032	1685492742
1645966032	1654551872
1645966032	1652466364
1686007883	1641547461
1199129295	1641547461
1437069250	1496850204
1437069250	1214772890
1668728611	1659837852
1668728611	1652466364
1264443022	1244169232
1264443022	1642492063
1264443022	1673414461
1094613905	1310823515
39297060	1642132060
1661732142	1568292842
1661732142	1688462893
1661732142	1292619120
1661732142	1656532564
1661732142	1242202325
1661732142	1245718951
1012293270	1658341654
1649469284	1278426200
1649469284	1661493574
1568886223	86017819
1568886223	1649467165
1656198610	1641547461
1660780207	1292619120
1629649247	1494745254
1377248352	1420157965
1255687540	1566537851
1255687540	1652466364
1653973690	1420157965
1093976291	1583248213
1715096601	1303964067
1276959962	1658341654
1241389637	1689666540
1649345311	1663983223
1649345311	1655211284
1649345311	1652608362
1649345311	1658341654
1649345311	1685492742
1649345311	1242202325
1649345311	1652466364
1507481812	1659756840
1644305355	1423623227
1672072264	1278426200
1685333853	1687333575
1685333853	1652608362
1685333853	1685492742
1685333853	1663983223
1655260630	1568292842
1655260630	1271240923