1381601997
1681093223
1036864237
1406700841
1658388624
1271728434
1682099633
1678460085
1656530450
1689330737
1653204715
1670449243
1224870710
1394996971
1649308895
1653807672
1650665134
1685481605
1459277820
1659835784
1292157095
1420351867
1676139092
1681590693
1183289825
1246270054
1677415805
1411845764
1650885620
1266075895
1093495710
1667516751
1675861622
1653631335
1079931711
1498726925
1639974347
1609957010
1657942230
1425359342
1664580837
1566537851
1644903527
1687015335
1375389141
1233512437
1664905232
1087232797
1248097471
1653749887
1676488604
1199438110
1644253901
1030616044
1675906881
83836374
1231683441
1477045392
1153202972
1661684244
1077831772
1213853463
1717621734
1675854084
1657859027
1686242095
1032934293
1358533860
1602359540
1326406415
1282084175
1684479745
1644112585
29573348
1668119893
1686500984
1668804460
1674337175
1662109054
1648324047
1683308417
1669463361
1667611523
222702277
1065663860
1644881094
1686314537
1439423814
1652439593
1604726057
1663991732
1569658975
1657520885
1665342122
1548926887
1657017055
1677750785
1061446797
1012739711
1246595647
1656329563
1189058461
1642554845
1393453697
1410848484
1491567447
31082304
21110
1639009057
1668244557
1630822944
1349643863
1676888447
1549637620
1681303552
1629926057
1338089595
1645391781
1670449181
1664944893
1686570283
1677169625
1046111830
1622520263
1692747521
1406244300
1644274254
1660213530
1407189757
1098860550
1334713705
1678943394
1235569162
1668499490
1678471801
1667282775
1676262474
1269489420
1670092237
1401746337
1515873283
1677202575
1291518814
1596983503
1657301617
1680847394
1267272457
1656687934
1180316095
1259839530
1650111241
1675217467
1583733661
1686220081
1652623801
1689388570
1675973085
1402946490
1648470677
1252601961
1674291727
1678272734
1688413707
1152951783
1214686260
1648664373
1674035761
1641576281
1648350803
1647375747
1645012920
1650594607
1675851877
1155774257
1226591807
1687346523
1461349871
1644726404
1142835825
1670869487
1054639260
1469640564
1644190957
1685758264
1658174050
1684916935
1682087537
1671095067
1251648635
1686695115
1323471047
1630413587
1425365610
1222913481
1407368720
1651778894
120567
1415636805
1708742754
1364233411
1437628585
1150477032
1429536933
1650628022
1691367953
1053539785
1659756840
1655416873
1599354464
1218555153
1094566987
1619218202
1150269595
1557114904
1655295785
1683093800
1680760481
1309388607
1683252142
1192556923
1302997540
1662446417
1590961662
1508172327
1649393701
1402420183
1410723272
1722445411
1645817972
1647852597
1686152833
1573423670
1668751843
1654037160
1458368164
1632214534
1673531374
1621525184
1224930313
1673367344
1406685620
1661253400
1644478281
1657453275
1689703601
1661128564
1660464600
1314457950
1661138535
1057791327
1642532322
1642094953
1667820851
1166958914
1644189144
1281569173
1167700277
1653687511
1578328365
1598008913
1665576092
1262313535
1690671095
1642504875
1117348800
1646004131
1568090395
1278814025
1678207722
1674118181
1247801785
1686099450
1263334913
1424683494
1657765365
1651559755
1408752422
1080057525
1171509421
1649152460
1671146232
1675043245
1073094763
1652867473
1680106593
1686387377
1645574171
1678531271
1641428154
1604451190
1141115163
1674875097
1080547893
1089416655
1688582920
1663488071
1658338440
1506588051
1423623227
1406611631
1610490544
1407081341
1639002805
1644280472
1615143607
1646011807
1253383617
1659948621
1689000747
1714896473
1692088083
1677164574
1644268492
1054721115
1667625133
1400352145
1298779911
1431545435
1644715510
1167231354
1650884617
1678261162
1689666540
1496808754
1180166542
1427049781
1641594055
1665782457
1627944850
1650151394
1364140643
1606104401
1677246474
1654986750
1685392077
1073940887
1496874104
1305461613
1285846685
1067212684
1613640752
1298249585
1334201975
1283526783
1639127253
1635875333
1404584100
1642900055
1689959320
1672506911
1659834972
1241719687
1237064237
1626816102
1684386140
1677906685
1670302465
1324830332
1680658175
1648812177
1665356891
1510963557
1045123901
1036297992
1005417864
25509597
1561313227
1663535203
1217416855
1052937860
1653821771
1342116842
1671442382
1308014860
1679032962
1654639740
1271598814
1678324637
1661213821
1688915051
1676064132
1662363665
1662865430
1277439255
1672205230
1436999404
1642524752
1652974955
1404376560
1438622722
1705595980
1626982213
1656380464
1660375054
1401981170
1584585540
1646659662
1649564701
1005784151
1635525507
1030176205
1517163701
1674832172
1660272431
1029681832
1656542811
1152078712
1644870322
1658292110
1650324215
1641553785
1578818417
1644216207
1192836313
1651448587
1604234990
1423050795
1594978135
1648493371
1261131600
1557213070
1677916452
1670687772
1658661097
1254567515
102573
1083745600
1679474371
1559053991
1283459071
1277609480
1424926103
1690333844
1646891994
1683478313
1657661170
1002603155
1665331033
1298409744
1672507344
1084305093
1651911237
1310823515
1653749602
1646061681
1658010475
1658152034
1131372845
1649591804
1659837467
1608839727
1652649975
1708221385
1270646130
1667006755
1688637485
1646079002
1686808541
1655131655
1689234627
1376723560
1636773670
1653435642
1679611304
1414096542
1306800005
1688169292
1320132015
1264379171
1643133630
1677475493
1692955392
1580927653
1678065581
1644245811
1214772890
1619606777
1451284281
1661044373
1233336911
1425312357
1669166487
1689193447
1236237791
1692587011
1676598392
1236358290
1211281142
1649605537
1409821450
1676795081
1083069431
75474559
1327059832
1367757012
1652564692
1654967484
1251510943
1658709673
1659535024
1652925065
1162213054
1662471511
1634987860
1651151601
1656841734
1264106273
1666034892
1678842871
1604047182
1683137615
1662392322
1656010063
1099337790
1645809563
1633610190
1618347305
1654750575
1057333110
1664600402
1644253173
1287558132
1658496162
1687498387
1316670374
1583985482
1013159527
1666005827
1483111922
1659837852
1400142285
1644134427
1632833655
1657921813
1301913240
1675859743
1654790815
1363393814
1720995143
1188778220
1289829084
1405885274
1659210673
1156549453
1641581707
1655155055
1494856974
1670401371
1672756207
1347498555
1668702933
1630763483
1639378761
1215203560
1652174215
1654342001
1648042095
1644425082
1687864635
1641973690
1295009824
1645987304
1458641657
1646068663
1675087462
1697698367
1668513274
1686615757
1658022662
1577821327
1661679337
1291391030
1675854470
1497770682
1217475010
1652984257
1496866901
1627988235
1623666844
1563258272
1650580732
1635220702
1670068477
1182250773
1405777033
1168650865
1637993133
1645248444
1357944700
1190925570
1440898535
1342389401
1653119110
1085513710
43536809
1628202325
1252373132
1068837092
1300134915
66234627
1658468355
1714262450
1087475905
1428520213
1582862581
1345454230
1308067054
1242346393
1684452940
1062810460
1604192175
1657101625
1152902673
1675731630
1645058885
1680570553
1646718521
1709323707
1664294600
1642825604
1196587922
1307555247
1677328093
1696688024
1241359613
1651760973
1651468061
1659750614
1677823593
1650042745
1722110740
1287757574
1583051082
1236380405
1642398891
1160343943
1642420854
1450866052
1260305023
1663643565
1711138914
1343472654
1252927735
1690043931
1676730764
1676277344
1463172125
1265057942
1199769167
1652185274
1664505823
1645572654
1650412814
1656770227
1674528005
1664635665
1681872982
1675856260
1658636822
1603424830
1170889593
1354659303
1356433923
1102818263
1344381125
1659240213
1677960024
1275617147
1644119190
1648847712
1688840067
1655250767
1114422680
1450393263
1641550972
1614329351
1686286407
1657600292
1251634327
1664174432
1210225687
1676263414
1655836513
1189926755
1660730032
1675019715
1258151463
1641600900
1663842770
1420555367
1627825392
1568376507
1608673232
1459043597
1575488622
1279388153
1678471862
1691339823
1212964325
1654513221
1676267572
1389140047
1688729490
1657280190
1676282067
1358447800
1659332542
1520759812
1657767785
1021812084
1503930542
1668082280
1672308513
1144434464
1216969484
1506121252
1097201945
1624849225
1601617774
1215061750
1262139244
1663965260
1004524612
1684263164
1253158610
1658885104
1672650727
1403817840
1458248264
1650528515
1516619402
1401044170
1496953772
1667405432
1672002250
1663483071
1671699681
1442226471
1197775811
1683339934
1667896331
1662459613
1646340303
1283022704
1686498043
1654044162
1644741907
1646038525
1644352745
1678592794
1665950272
1445216587
1660337740
1652381373
1662845985
1575146842
1658187305
1110308431
1306003942
1670136841
1648211805
1662934562
1427609584
1589208422
1653603955
1611539727
1284071874
1652871474
1659563272
1560604757
1668519715
1374785932
1197382892
1656845045
1224804035
1618002511
1586747194
1145642397
1655318994
1088412174
1638799637
1042426947
1676262970
1465092222
1657449857
1234426303
1669601932
1674477905
1659873665
1097329737
1647699991
1657704682
1677557207
1687296433
1496970484
1658257031
1655953370
1257217874
1350048101
1660516084
1642586494
1624337832
1656612735
1675869493
1068803873
1678134712
1359383737
1321500874
1056981525
1698471815
1692670617
1684472080
1649686092
1064619715
1583248213
1664248405
1645002675
1400702587
1650167165
1609847630
1518610444
1643926272
1258095412
1655910965
1644715470
1641495634
1532409621
1653615692
1272332037
1685458501
1212921433
1405819295
1549063143
1422713712
1622602225
1656370014
1432376132
1649566690
1458684275
1687869342
1627989674
1659025905
1377489965
1720676342
1218508572
1654996324
1654786065
1648621602
1691907981
1656231792
1344698990
1679292154
1465723835
1629966190
1676555915
1662848227
1661481550
1677670465
1664080805
1625563367
1672303084
1688572171
1657748294
1401860793
1064328043
1664280623
1676236387
1653890973
1659040135
1222202531
1668947705
1642132060
1642035264
1683599631
1679438454
1678230673
1571084242
1685690532
1406164810
1682243061
1192428237
1655780092
1645839550
1642479640
1651436657
1677135841
1651904310
1393543682
1220013005
1662333764
1088791230
1523788684
1214806873
1688219610
1678772663
1658271437
1667193832
1644016911
1677846805
1224156774
1671076762
105149
1497337850
1652845545
1651143444
1660248182
1649310530
1420273435
1450823160
1663677110
1679035067
1642234653
1314206911
1634921347
1671182972
1642583764
1651826051
1278426200
1400133051
1672313270
1653449650
1400000521
1644197770
1599545667
1650598077
1659246114
1661493574
1691249770
1061258433
1663584663
1285834783
1291285737
1525859910
1439148467
1672199865
1655211284
1145171085
1338738570
1680201194
1677169944
1506579285
1117384014
1688331291
1671847445
1578742504
1441575565
1420157965
1260856904
1683329950
1660141095
1283066003
1649961954
1675854832
1342357972
1197487813
1659558011
1191258655
1659827215
1694557541
1605244534
1352816467
1220291284
1322047483
1671670883
1273397490
1606902977
1668970432
1103012955
1679200804
1665921403
1453362770
1676154143
1684655675
1329150690
1390579567
1655434280
1611744293
1286659964
1575106271
1677660063
1212641822
1664477165
1663756477
1677328920
1566264297
1705451761
1684613550
1494720324
1355938633
1649430795
1644803170
104626
1670445434
1569547662
1685442443
1676052262
1558578472
1025914963
1494114792
1076198930
1659106862
1661466114
1613900814
1646704922
1234172365
1403530220
1665100564
1236122817
1668277523
1661537490
1647247597
1104106977
1658564143
1055154573
1663628973
1661798701
1679179937
1660628733
1418781924
1661931502
1244944200
1660686897
1256286472
1701999280
1660235512
1682288561
1642688201
1301427312
1679118621
1648940195
1674984873
1687320655
1642339361
1376434787
1653353901
1497554923
1227581251
1317180377
1220861753
1658713871
1685492742
1670359522
1658341654
1548702653
1229238924
1227316034
1403588047
1676538241
1655933334
1412718972
1652634941
1236894504
1651771697
1224305093
1260410502
1665041391
1600113997
1677848627
1662723891
1005262877
1627978602
1688056912
1683250737
1684413775
86017819
1656149992
1671049687
1659718631
1687017453
1582388257
1687284412
1352091341
1264014413
1667310202
1609576007
1072047705
1649467165
1468939965
1652969205
1680760412
1497443322
1682747050
1290268683
1335163207
1583505282
1356532285
1704960524
1132092220
1192640974
1665402500
1403924763
1400655642
1649162343
1343264264
1688605871
1683114491
1135896580
1099713350
1686668791
1659578387
1681780685
1017439175
1690999862
1656027535
1665681810
1603422013
1401394915
1674070933
1685362803
1657700487
1672507662
1633812100
1678294211
1494745254
1649527771
1657034257
1651450823
1664639895
1652466364
1428681567
1655090485
1563400253
1615925515
1195026852
1648781737
1652597397
1402138343
1685161581
1691928962
1665334321
1639064400
1266782865
1686747023
1650130153
1401492005
1657336704
1672500441
1681123220
1675858274
1696814423
1651102335
1517190980
1689360474
1650168754
1428111550
1680826801
1659169167
1134543400
1693906185
1650063117
1144877291
1238712252
1661837103
1656532564
1448221101
1595524815
1671457917
1311080825
1046136842
1680719615
1666019834
1278663540
1650529421
1649827427
1574113354
1191979833
1156650975
1677235812
1644083191
1239496773
1637517873
1653783841
1638697212
1578469727
1665229815
1497390470
1677420703
1668831304
1650319574
1664710595
1663983223
1653786535
1249079121
1654737811
1666680885
1046709302
1656621744
1681605053
1639984114
1648058522
1676267871
1498532251
1412082092
1068394640
1644413187
1042694261
1640469575
1687685544
1672512820
18333618
1380252395
1389223410
1263023762
1659872571
1149084507
1481411060
1662982720
1687333575
1658646552
1196975644
1350947532
1244213714
1621673347
1656831713
1643937210
1211489003
1643436607
1056897511
1625439637
1316898513
1151280692
1453899234
1281245232
1649687071
1099647582
1085268075
1693544851
1650307040
1560567523
1657284002
1651576225
1639650452
1652335290
1150135105
1654428040
1680451081
1694137790
1693774145
1653432601
1673414461
1648957132
1656292572
1165206434
1407549564
1652880724
1654026944
1187356312
1410657354
1652188201
1593250423
1647170920
1652194081
1242202325
1650674547
1655923867
1245718951
1651917080
1497487530
1154526461
1311259827
1669735523
1662344810
1181752504
1650458000
1179837314
1235440077
1665622877
1674463010
1654551872
1244169232
1644591145
1625126751
1688462893
1548345430
1668371632
1649634021
1404287794
1641547461
1303964067
1681207950
1652988340
1009842360
1668841523
1677730147
1649292865
1433036224
1638369470
1658685703
1223524865
1655288664
1648294350
1557494967
1663225227
1401328641
1650448857
1644648333
1351434897
1644395354
1670705067
1667841001
1642252681
1347197443
1684263800
1686262421
1613962150
1456278095
1284246160
1676043552
1661314935
1290116574
1271240923
1689308612
1642492063
1707432453
1657933962
1663604291
1642909335
1662915627
1686541603
1496834122
15058618
1481674837
1292619120
1400353615
1496850204
1400033261
1650228545
1597815132
1713926427
1689620551
1679025713
1065207502
1658771395
1653014771
1659728703
1653701103
1271679687
1645966032
1686007883
1679711954
1199129295
1437069250
1668728611
1264443022
1094613905
39297060
1661732142
1683469791
1012293270
1649469284
1568886223
1568292842
1653294833
1499025060
1656198610
1660780207
1629649247
1639529981
1377248352
1664210422
1255687540
1653973690
1093976291
1715096601
1276959962
1241389637
1660050505
1649345311
1645925395
1507481812
1644305355
1672072264
1685333853
1653315312
1293808434
1655260630
1652608362