1381601997
1681093223
1036864237
1406700841
1658388624
1271728434
1682099633
1678460085
1656530450
1689330737
1653204715
1670449243
1224870710
1394996971
1649308895
1653807672
1650665134
1685481605
1459277820
1659835784
1292157095
1420351867
1676139092
1681590693
1183289825
1246270054
1677415805
1411845764
1650885620
1266075895
1093495710
1667516751
1675861622
1653631335
1079931711
1498726925
1639974347
1609957010
1657942230
1425359342
1664580837
1566537851
1644903527
1687015335
1375389141
1233512437
1664905232
1087232797
1248097471
1653749887
1676488604
1199438110
1644253901
1030616044
1675906881
83836374
1231683441
1477045392
1153202972
1661684244
1077831772
1213853463
1717621734
1675854084
1657859027
1686242095
1032934293
1358533860
1602359540
1326406415
1282084175
1684479745
1644112585
29573348
1668119893
1686500984
1668804460
1674337175
1662109054
1648324047
1683308417
1669463361
1667611523
222702277
1065663860
1644881094
1686314537
1439423814
1652439593
1604726057
1663991732
1569658975
1657520885
1665342122
1548926887
1657017055
1677750785
1061446797
1012739711
1246595647
1656329563
1189058461
1642554845
1393453697
1410848484
1491567447
31082304
21110
1639009057
1668244557
1630822944
1349643863
1676888447
1549637620
1681303552
1629926057
1338089595
1645391781
1670449181
1664944893
1686570283
1677169625
1046111830
1622520263
1692747521
1406244300
1644274254
1660213530
1407189757
1098860550
1334713705
1678943394
1235569162
1668499490
1678471801
1667282775
1676262474
1269489420
1670092237
1401746337
1515873283
1677202575
1291518814
1596983503
1657301617
1680847394
1267272457
1656687934
1180316095
1259839530
1650111241
1675217467
1583733661
1686220081
1652623801
1689388570
1675973085
1402946490
1648470677
1252601961
1674291727
1678272734
1688413707
1152951783
1214686260
1648664373
1674035761
1641576281
1648350803
1647375747
1645012920
1650594607
1675851877
1155774257
1226591807
1687346523
1461349871
1644726404
1142835825
1670869487
1054639260
1469640564
1644190957
1685758264
1658174050
1684916935
1682087537
1671095067
1251648635
1686695115
1323471047
1630413587
1425365610
1222913481
1407368720
1651778894
120567
1415636805
1708742754
1364233411
1437628585
1150477032
1429536933
1650628022
1691367953
1053539785
1659756840
1655416873
1599354464
1218555153
1094566987
1619218202
1150269595
1557114904
1655295785
1683093800
1680760481
1309388607
1683252142
1192556923
1302997540
1662446417
1590961662
1508172327
1649393701
1402420183
1410723272
1722445411
1645817972
1647852597
1686152833
1573423670
1668751843
1654037160
1458368164
1632214534
1673531374
1621525184
1224930313
1673367344
1406685620
1661253400
1644478281
1657453275
1689703601
1661128564
1660464600
1314457950
1661138535
1057791327
1642532322
1642094953
1667820851
1166958914
1644189144
1281569173
1167700277
1653687511
1578328365
1598008913
1665576092
1262313535
1690671095
1642504875
1117348800
1646004131
1568090395
1278814025
1678207722
1674118181
1247801785
1686099450
1263334913
1424683494
1657765365
1651559755
1408752422
1080057525
1171509421
1649152460
1671146232
1675043245
1073094763
1652867473
1680106593
1686387377
1645574171
1678531271
1641428154
1604451190
1141115163
1674875097
1080547893
1089416655
1688582920
1663488071
1658338440
1506588051
1423623227
1406611631
1610490544
1407081341
1639002805
1644280472
1615143607
1646011807
1253383617
1659948621
1689000747
1714896473
1692088083
1677164574
1644268492
1054721115
1667625133
1400352145
1298779911
1431545435
1644715510
1167231354
1650884617
1678261162
1689666540
1496808754
1180166542
1427049781
1641594055
1665782457
1627944850
1650151394
1364140643
1606104401
1677246474
1654986750
1685392077
1073940887
1496874104
1305461613
1285846685
1067212684
1613640752
1298249585
1334201975
1283526783
1639127253
1635875333
1404584100
1642900055
1689959320
1672506911
1659834972
1241719687
1237064237
1626816102
1684386140
1677906685
1670302465
1324830332
1680658175
1648812177
1665356891
1510963557
1045123901
1036297992
1005417864
25509597
1561313227
1663535203
1217416855
1052937860
1653821771
1342116842
1671442382
1308014860
1679032962
1654639740
1271598814
1678324637
1661213821
1688915051
1676064132
1662363665
1662865430
1277439255
1672205230
1436999404
1642524752
1652974955
1404376560
1438622722
1705595980
1626982213
1656380464
1660375054
1401981170
1584585540
1646659662
1649564701
1005784151
1635525507
1030176205
1517163701
1674832172
1660272431
1029681832
1656542811
1152078712
1644870322
1658292110
1650324215
1641553785
1578818417
1644216207
1192836313
1651448587
1423050795
1594978135
1604234990
1261131600
1648493371
1557213070
1677916452
1670687772
102573
1658661097
1254567515
1083745600
1649591804
1559053991
1683478313
1679474371
1277609480
1283459071
1424926103
1690333844
1646061681
1458684275
1646891994
1657661170
1651911237
1002603155
1009842360
1665331033
1298409744
1687864635
1291285737
1672507344
1658010475
1084305093
1683329950
15058618
1655288664
1653749602
1623666844
1661537490
1646079002
1666034892
1310823515
1658152034
1497554923
1131372845
1287558132
1659837467
1453362770
1665229815
1152902673
1656612735
1608839727
1655131655
1644352745
1518610444
1649345311
1651904310
1686808541
1652649975
1675087462
1643436607
1636773670
1135896580
1654750575
1708221385
1400142285
1654790815
1258151463
1652564692
1458248264
1283022704
1400353615
1665681810
1679611304
1677328920
1652969205
1651151601
1682747050
1649827427
1263023762
1270646130
1661732142
1350048101
1667006755
1316670374
1654026944
1306800005
1675856260
1693544851
1656010063
1644741907
1688637485
1687685544
1613900814
1644803170
1663983223
1713926427
1301913240
1445216587
1199769167
1605244534
1662915627
1575146842
1677169944
1645809563
1342389401
1376723560
1688169292
1212641822
1672756207
1264106273
1645839550
1609576007
1659827215
1660141095
1264379171
1653435642
1671847445
1343264264
1642825604
1637993133
1678471862
1650580732
1687284412
1645966032
1575488622
1465092222
104626
1418781924
1345454230
1654996324
1497390470
1659025905
1088791230
1685333853
1496866901
1689234627
1220013005
1644425082
1664505823
1352816467
1575106271
1658187305
1099713350
1675854470
1210225687
1414096542
1496953772
1676267572
1679035067
1042426947
1320132015
1676598392
1400702587
1658468355
1451284281
1644245811
1583505282
1669735523
1657748294
1627989674
1117384014
1664294600
1653783841
1279388153
1660337740
1356532285
1343472654
1675858274
1688056912
1677475493
1661044373
1613962150
1624849225
1672199865
1459043597
1663584663
1675854832
1621673347
1680570553
1676730764
1580927653
1676263414
1549063143
1654551872
1017439175
1264443022
1224305093
1680760412
1650130153
1657933962
1692955392
1162213054
1656770227
1655434280
1574113354
1642688201
1656841734
1652185274
1682288561
1072047705
1400655642
1689620551
1688840067
1064619715
1266782865
1677660063
1707432453
1236237791
1595524815
1678065581
1656292572
1234426303
1496970484
1359383737
1674984873
1659210673
1450393263
1684263164
1676555915
1659332542
1290268683
1643133630
1661679337
1664710595
1350947532
1619606777
1660235512
1604192175
1601617774
1076198930
1679292154
1651826051
1599545667
1604047182
1694557541
1659872571
1632833655
1656831713
1481674837
1664600402
1657280190
1675859743
1190925570
1589208422
1420273435
1689308612
1683114491
1410657354
1404287794
1661466114
1685492742
1437069250
1671699681
1646340303
1606902977
1566264297
1582388257
1649469284
1192428237
1286659964
1672507662
1655260630
1422713712
1677846805
1681780685
1255687540
1097329737
1647699991
1638697212
1347498555
1609847630
1655910965
1497443322
1351434897
1220861753
1655090485
1654428040
1644395354
1652925065
1618002511
1656231792
1664477165
1661481550
